trajectory 1
First Actual Configuration T_se:  [[ 1.44739992e-01 -4.90787792e-01  8.59172671e-01  1.32439811e-01]
 [ 8.25592720e-02  8.71278669e-01  4.83794841e-01 -7.20502546e-03]
 [-9.86019422e-01  9.08208655e-04  1.66627951e-01  5.68451690e-01]
 [ 0.00000000e+00  0.00000000e+00  0.00000000e+00  1.00000000e+00]]
Last Actual Configuration T_se:  [[-0.02654231  0.08214232  0.99626711  0.97861592]
 [-0.00611631  0.99658622 -0.08233158  0.00912593]
 [-0.99962898 -0.00827875 -0.0259493   0.41750263]
 [ 0.          0.          0.          1.        ]]
-----------
trajectory 2
First Actual Configuration T_se:  [[-0.02615158  0.08094883  0.99637512  0.97895705]
 [-0.00604387  0.99668499 -0.08113264  0.00895865]
 [-0.99963972 -0.00814371 -0.02557564  0.41763602]
 [ 0.          0.          0.          1.        ]]
Last Actual Configuration T_se:  [[ 3.68842592e-03 -1.15667558e-02  9.99926300e-01  1.00362096e+00]
 [ 1.02746236e-03  9.99932618e-01  1.15630389e-02 -1.46371176e-03]
 [-9.99992670e-01  9.84737227e-04  3.70006179e-03  2.62862040e-02]
 [ 0.00000000e+00  0.00000000e+00  0.00000000e+00  1.00000000e+00]]
-----------
trajectory 3
First Actual Configuration T_se:  [[ 3.65172619e-03 -1.14516829e-02  9.99927759e-01  1.00359687e+00]
 [ 1.01716842e-03  9.99933952e-01  1.14480391e-02 -1.45645434e-03]
 [-9.99992815e-01  9.75289831e-04  3.66313329e-03  2.62660335e-02]
 [ 0.00000000e+00  0.00000000e+00  0.00000000e+00  1.00000000e+00]]
trajectory 4
First Actual Configuration T_se:  [[ 2.22513131e-04 -7.01985265e-04  9.99999729e-01  1.00052423e+00]
 [ 6.46451075e-05  9.99999752e-01  7.01970896e-04 -2.71833688e-04]
 [-9.99999973e-01  6.44888923e-05  2.22558455e-04  2.48897256e-02]
 [ 0.00000000e+00  0.00000000e+00  0.00000000e+00  1.00000000e+00]]
Last Actual Configuration T_se:  [[-8.73787737e-05  2.74050713e-04  9.99999959e-01  1.00021070e+00]
 [-2.42716481e-05  9.99999962e-01 -2.74052835e-04  3.28394099e-04]
 [-9.99999996e-01 -2.42955935e-05 -8.73721187e-05  4.24828609e-01]
 [ 0.00000000e+00  0.00000000e+00  0.00000000e+00  1.00000000e+00]]
-----------
trajectory 5
First Actual Configuration T_se:  [[-8.42498615e-05  2.66228986e-04  9.99999961e-01  1.00023032e+00]
 [-2.34186186e-05  9.99999964e-01 -2.66230960e-04  3.20831272e-04]
 [-9.99999996e-01 -2.34410476e-05 -8.42436238e-05  4.24831851e-01]
 [ 0.00000000e+00  0.00000000e+00  0.00000000e+00  1.00000000e+00]]
Last Actual Configuration T_se:  [[ 4.91139507e-06  9.99999998e-01  5.59339949e-05 -3.07137454e-03]
 [-1.78470353e-05  5.59340825e-05 -9.99999998e-01 -1.00103679e+00]
 [-1.00000000e+00  4.91039681e-06  1.78473100e-05  4.25056834e-01]
 [ 0.00000000e+00  0.00000000e+00  0.00000000e+00  1.00000000e+00]]
-----------
trajectory 6
First Actual Configuration T_se:  [[ 4.79864190e-06  9.99999998e-01  5.46360129e-05 -3.13090693e-03]
 [-1.74325384e-05  5.46360965e-05 -9.99999998e-01 -1.00109892e+00]
 [-1.00000000e+00  4.79768945e-06  1.74328006e-05  4.25056826e-01]
 [ 0.00000000e+00  0.00000000e+00  0.00000000e+00  1.00000000e+00]]
Last Actual Configuration T_se:  [[ 2.56003611e-11  1.00000000e+00 -8.61823518e-06  1.73199760e-04]
 [ 2.97048726e-06 -8.61823518e-06 -1.00000000e+00 -1.00038932e+00]
 [-1.00000000e+00  0.00000000e+00 -2.97048726e-06  2.50421480e-02]
 [ 0.00000000e+00  0.00000000e+00  0.00000000e+00  1.00000000e+00]]
-----------
trajectory 7
First Actual Configuration T_se:  [[ 2.47674124e-11  1.00000000e+00 -8.47841666e-06  1.83692909e-04]
 [ 2.92122670e-06 -8.47841666e-06 -1.00000000e+00 -1.00039900e+00]
 [-1.00000000e+00  0.00000000e+00 -2.92122670e-06  2.50393866e-02]
 [ 0.00000000e+00  0.00000000e+00  0.00000000e+00  1.00000000e+00]]
trajectory 8
First Actual Configuration T_se:  [[ 1.65498103e-12  1.00000000e+00  5.08944147e-06  3.26713937e-04]
 [-3.25184344e-07  5.08944147e-06 -1.00000000e+00 -1.00036860e+00]
 [-1.00000000e+00  0.00000000e+00  3.25184344e-07  2.49429741e-02]
 [ 0.00000000e+00  0.00000000e+00  0.00000000e+00  1.00000000e+00]]
Last Actual Configuration T_se:  [[-8.57048809e-16  1.00000000e+00 -9.11764163e-08  8.82480841e-06]
 [-9.27333298e-09 -9.11764163e-08 -1.00000000e+00 -1.00032308e+00]
 [-1.00000000e+00  0.00000000e+00  9.27333294e-09  4.24972158e-01]
 [ 0.00000000e+00  0.00000000e+00  0.00000000e+00  1.00000000e+00]]
-----------