1.0,0.0,0.0,0.0,1.0,0.0,0.0,0.0,1.0,0.0,0.0,1.0,0
0.9999999999980432,0.0,1.9782505781853412e-06,0.0,1.0,0.0,-1.9782505781853412e-06,0.0,0.9999999999980432,1.5578727461341736e-06,0.0,1.000000420376707,0
0.9999999998766524,0.0,1.570653375429548e-05,0.0,1.0,0.0,-1.570653375429548e-05,0.0,0.9999999998766524,1.2368921542863001e-05,0.0,1.0000033375412867,0
0.9999999986162008,0.0,5.2607968006051204e-05,0.0,1.0,0.0,-5.2607968006051204e-05,0.0,0.9999999986162008,4.1429068862092426e-05,0.0,1.0000111781034595,0
0.9999999923426801,0.0,0.00012375233256285242,0.0,1.0,0.0,-0.00012375233256285242,0.0,0.9999999923426801,9.745658907372275e-05,0.0,1.0000262913405302,0
0.999999971233664,0.0,0.00023985969043896382,0.0,1.0,0.0,-0.00023985969043896382,0.0,0.999999971233664,0.00018889561906707976,0.0,1.0000509475307287,0
0.9999999154145024,0.0,0.00041130400940727496,0.0,1.0,0.0,-0.00041130400940727496,0.0,0.9999999154145024,0.00032391988182647034,0.0,1.0000873354909197,0
0.9999997899722985,0.0,0.0006481167786374737,0.0,1.0,0.0,-0.0006481167786374737,0.0,0.9999997899722985,0.0005104365940635692,0.0,1.0001375594186455,0
0.999999539208901,0.0,0.0009599906175818062,0.0,1.0,0.0,-0.0009599906175818062,0.0,0.999999539208901,0.0007560905294542216,0.0,1.0002036351332457,0
0.999999080247962,0.0,0.0013562828724512606,0.0,1.0,0.0,-0.0013562828724512606,0.0,0.999999080247962,0.0010682682093634374,0.0,1.000287485805666,0
0.9999982961051155,0.0,0.0018460191943449162,0.0,1.0,0.0,-0.0018460191943449162,0.0,0.9999982961051155,0.0014541021932095819,0.0,1.0003909372615767,0
0.9999970283244694,0.0,0.0024378970918274108,0.0,1.0,0.0,-0.0024378970918274108,0.0,0.9999970283244694,0.0019204754408643494,0.0,1.0005157129375328,0
0.9999950692789306,0.0,0.0031402894495386607,0.0,1.0,0.0,-0.0031402894495386607,0.0,0.9999950692789306,0.002474025719738951,0.0,1.0006634285651848,0
0.9999921542263501,0.0,0.003961248003304062,0.0,1.0,0.0,-0.003961248003304062,0.0,0.9999921542263501,0.0031211500295025476,0.0,1.000835586653953,0
0.999987953208125,0.0,0.004908506761223916,0.0,1.0,0.0,-0.004908506761223916,0.0,0.999987953208125,0.0038680090177372834,0.0,1.0010335708381586,0
0.9999820628716946,0.0,0.005989485359383765,0.0,1.0,0.0,-0.005989485359383765,0.0,0.9999820628716946,0.004720531360279622,0.0,1.0012586401503285,0
0.999973998293348,0.0,0.007211292340162839,0.0,1.0,0.0,-0.007211292340162839,0.0,0.999973998293348,0.005684418080541789,0.0,1.001511923278296,0
0.9999631848728953,0.0,0.008580728340642024,0.0,1.0,0.0,-0.008580728340642024,0.0,0.9999631848728953,0.006765146782765352,0.0,1.0017944128597915,0
0.9999489503670678,0.0,0.010104289178336183,0.0,1.0,0.0,-0.010104289178336183,0.0,0.9999489503670678,0.007967975774937845,0.0,1.0021069598644623,0
0.999930517123984,0.0,0.01178816882140612,0.0,1.0,0.0,-0.01178816882140612,0.0,0.999930517123984,0.00929794805801073,0.0,1.002450268109686,0
0.9999069945766597,0.0,0.013638262230646025,0.0,1.0,0.0,-0.013638262230646025,0.0,0.9999069945766597,0.010759895159093568,0.0,1.0028248889531317,0
0.9998773720493451,0.0,0.015660168060892966,0.0,1.0,0.0,-0.015660168060892966,0.0,0.9998773720493451,0.012358440787467373,0.0,1.0032312162017991,0
0.9998405119264384,0.0,0.017859191210064112,0.0,1.0,0.0,-0.017859191210064112,0.0,0.9998405119264384,0.014098004293557327,0.0,1.0036694812742089,0
0.9997951432298474,0.0,0.020240345204787832,0.0,1.0,0.0,-0.020240345204787832,0.0,0.9997951432298474,0.015982803912427842,0.0,1.0041397486495223,0
0.9997398556469536,0.0,0.02280835441255135,0.0,1.0,0.0,-0.02280835441255135,0.0,0.9997398556469536,0.01801685977490656,0.0,1.004641911634643,0
0.9996730940477557,0.0,0.02556765607142807,0.0,1.0,0.0,-0.02556765607142807,0.0,0.9996730940477557,0.020203996671101513,0.0,1.005175688477786,0
0.9995931535263475,0.0,0.02852240212976275,0.0,1.0,0.0,-0.02852240212976275,0.0,0.9995931535263475,0.02254784655283933,0.0,1.0057406188545732,0
0.9994981749985866,0.0,0.03167646088966843,0.0,1.0,0.0,-0.03167646088966843,0.0,0.9994981749985866,0.02505185076341424,0.0,1.0063360607504415,0
0.9993861413846604,0.0,0.035033418449811206,0.0,1.0,0.0,-0.035033418449811206,0.0,0.9993861413846604,0.027719261984985987,0.0,1.006961187761005,0
0.9992548744022075,0.0,0.038596579944712724,0.0,1.0,0.0,-0.038596579944712724,0.0,0.9992548744022075,0.03055314589599218,0.0,1.00761498682999,0
0.9991020319927385,0.0,0.04236897057967008,0.0,1.0,0.0,-0.04236897057967008,0.0,0.9991020319927385,0.03355638253303326,0.0,1.0082962564424616,0
0.9989251064012794,0.0,0.046353336462359465,0.0,1.0,0.0,-0.046353336462359465,0.0,0.9989251064012794,0.03673166735383621,0.0,1.0090036052892588,0
0.9987214229264416,0.0,0.05055214523424044,0.0,1.0,0.0,-0.05055214523424044,0.0,0.9987214229264416,0.04008151200009551,0.0,1.0097354514168488,0
0.9984881393554942,0.0,0.05496758650698833,0.0,1.0,0.0,-0.05496758650698833,0.0,0.9984881393554942,0.0436082447612108,0.0,1.0104900218751867,0
0.9982222460964575,0.0,0.05960157211134187,0.0,1.0,0.0,-0.05960157211134187,0.0,0.9982222460964575,0.04731401074218451,0.0,1.0112653528746205,0
0.9979205670167588,0.0,0.06445573616793687,0.0,1.0,0.0,-0.06445573616793687,0.0,0.9979205670167588,0.05120077174118905,0.0,1.012059290461384,0
0.9975797609955649,0.0,0.06953143499189196,0.0,1.0,0.0,-0.06953143499189196,0.0,0.9975797609955649,0.05527030584455738,0.0,1.0128694917197845,0
0.9971963241945383,0.0,0.07482974684509743,0.0,1.0,0.0,-0.07482974684509743,0.0,0.9971963241945383,0.059524206749174836,0.0,1.0136934265077822,0
0.9967665930494346,0.0,0.0803514715523166,0.0,1.0,0.0,-0.0803514715523166,0.0,0.9967665930494346,0.06396388282444448,0.0,1.014528379731297,0
0.9962867479826678,0.0,0.08609712999932251,0.0,1.0,0.0,-0.08609712999932251,0.0,0.9962867479826678,0.06859055592814955,0.0,1.0153714541612069,0
0.9957528178347022,0.0,0.09206696353334591,0.0,1.0,0.0,-0.09206696353334591,0.0,0.9957528178347022,0.0734052599926357,0.0,1.0162195737956639,0
0.9951606850098907,0.0,0.0982609332880826,0.0,1.0,0.0,-0.0982609332880826,0.0,0.9951606850098907,0.07840883939976327,0.0,1.0170694877690065,0
0.9945060913301444,0.0,0.1046787194573868,0.0,1.0,0.0,-0.1046787194573868,0.0,0.9945060913301444,0.08360194716503641,0.0,1.0179177748071835,0
0.9937846445876024,0.0,0.11131972054354385,0.0,1.0,0.0,-0.11131972054354385,0.0,0.9937846445876024,0.08898504295317529,0.0,1.01876084822824,0
0.9929918257852557,0.0,0.11818305260765763,0.0,1.0,0.0,-0.11818305260765763,0.0,0.9929918257852557,0.09455839094916355,0.0,1.0195949614850162,0
0.9921229970522689,0.0,0.1252675485511858,0.0,1.0,0.0,-0.1252675485511858,0.0,0.9921229970522689,0.1003220576104517,0.0,1.0204162142457887,0
0.9911734102185301,0.0,0.13257175745900537,0.0,1.0,0.0,-0.13257175745900537,0.0,0.9911734102185301,0.10627590932752908,0.0,1.021220559007131,0
0.9901382160307518,0.0,0.1400939440355659,0.0,1.0,0.0,-0.1400939440355659,0.0,0.9901382160307518,0.1124196100214734,0.0,1.0220038082317748,0
0.9890124739902304,0.0,0.14783208816668936,0.0,1.0,0.0,-0.14783208816668936,0.0,0.9890124739902304,0.11875261870834392,0.0,1.022761642002728,0
0.9877911627901678,0.0,0.15578388464038329,0.0,1.0,0.0,-0.15578388464038329,0.0,0.9877911627901678,0.12527418706139118,0.0,1.0234896161833384,0
0.9864691913282481,0.0,0.1639467430606423,0.0,1.0,0.0,-0.1639467430606423,0.0,0.9864691913282481,0.13198335700300312,0.0,1.0241831710713818,0
0.9850414102679699,0.0,0.17231778798861463,0.0,1.0,0.0,-0.17231778798861463,0.0,0.9850414102679699,0.13887895835909042,0.0,1.0248376405336068,0
0.9835026241200493,0.0,0.1808938593456868,0.0,1.0,0.0,-0.1808938593456868,0.0,0.9835026241200493,0.14595960660921792,0.0,1.0254482616054972,0
0.9818476038130475,0.0,0.1896715131130054,0.0,1.0,0.0,-0.1896715131130054,0.0,0.9818476038130475,0.15322370076621916,0.0,1.0260101845392886,0
0.980071099720239,0.0,0.1986470223616791,0.0,1.0,0.0,-0.1986470223616791,0.0,0.980071099720239,0.1606694214192715,0.0,1.026518483281545,0
0.9781678551076392,0.0,0.20781637864740254,0.0,1.0,0.0,-0.20781637864740254,0.0,0.9781678551076392,0.16829472897445621,0.0,1.026968166359839,0
0.9761326199660555,0.0,0.21717529380250458,0.0,1.0,0.0,-0.21717529380250458,0.0,0.9761326199660555,0.17609736212668556,0.0,1.0273541881563009,0
0.9739601651880272,0.0,0.22671920215745023,0.0,1.0,0.0,-0.22671920215745023,0.0,0.9739601651880272,0.18407483659653628,0.0,1.0276714605440296,0
0.971645297048591,0.0,0.23644326322260772,0.0,1.0,0.0,-0.23644326322260772,0.0,0.971645297048591,0.192224444164978,0.0,1.0279148648605696,0
0.9691828719469577,0.0,0.24634236485965424,0.0,1.0,0.0,-0.24634236485965424,0.0,0.9691828719469577,0.20054325203824921,0.0,1.0280792641909058,0
0.9665678113644265,0.0,0.25641112697030616,0.0,1.0,0.0,-0.25641112697030616,0.0,0.9665678113644265,0.2090281025741755,0.0,1.028159515930676,0
0.9637951169922111,0.0,0.26664390572816415,0.0,1.0,0.0,-0.26664390572816415,0.0,0.9637951169922111,0.21767561340008443,0.0,1.0281504845986011,0
0.9608598859813171,0.0,0.2770347983773342,0.0,1.0,0.0,-0.2770347983773342,0.0,0.9608598859813171,0.22648217795112077,0.0,1.0280470548654708,0
0.9577573262652092,0.0,0.2875776486191473,0.0,1.0,0.0,-0.2875776486191473,0.0,0.9577573262652092,0.2354439664562216,0.0,1.027844144765421,0
0.9544827719047484,0.0,0.29826605260577027,0.0,1.0,0.0,-0.29826605260577027,0.0,0.9544827719047484,0.2445569273972851,0.0,1.0275367190537155,0
0.9510316984037893,0.0,0.3090933655567586,0.0,1.0,0.0,-0.3090933655567586,0.0,0.9510316984037893,0.2538167894651422,0.0,1.0271198026737953,0
0.9473997379428972,0.0,0.3200527090117028,0.0,1.0,0.0,-0.3200527090117028,0.0,0.9473997379428972,0.2632190640338503,0.0,1.0265884942950183,0
0.9435826944779153,0.0,0.3311369787290405,0.0,1.0,0.0,-0.3311369787290405,0.0,0.9435826944779153,0.2727590481725624,0.0,1.0259379798812793,0
0.9395765586495698,0.0,0.3423388532378869,0.0,1.0,0.0,-0.3423388532378869,0.0,0.9395765586495698,0.28243182821180235,0.0,1.0251635462495872,0
0.9353775224499733,0.0,0.35365080304638025,0.0,1.0,0.0,-0.35365080304638025,0.0,0.9353775224499733,0.29223228387840516,0.0,1.0242605945767098,0
0.9309819935917811,0.0,0.365065100506571,0.0,1.0,0.0,-0.365065100506571,0.0,0.9309819935917811,0.30215509301067117,0.0,1.023224653811174,0
0.9263866095258751,0.0,0.3765738303323183,0.0,1.0,0.0,-0.3765738303323183,0.0,0.9263866095258751,0.3121947368624522,0.0,1.0220513939472442,0
0.9215882510538126,0.0,0.38816890076302474,0.0,1.0,0.0,-0.38816890076302474,0.0,0.9215882510538126,0.32234550600194684,0.0,1.02073663911702,0
0.9165840554818842,0.0,0.39984205536234213,0.0,1.0,0.0,-0.39984205536234213,0.0,0.9165840554818842,0.33260150680794404,0.0,1.0192763804564815,0
0.9113714292644843,0.0,0.41158488543727045,0.0,1.0,0.0,-0.41158488543727045,0.0,0.9113714292644843,0.34295666856314755,0.0,1.0176667887012014,0
0.9059480600856099,0.0,0.4233888430593326,0.0,1.0,0.0,-0.4233888430593326,0.0,0.9059480600856099,0.35340475114103237,0.0,1.015904226467526,0
0.9003119283286761,0.0,0.4352452546658041,0.0,1.0,0.0,-0.4352452546658041,0.0,0.9003119283286761,0.36393935327947713,0.0,1.0139852601753159,0
0.8944613178864663,0.0,0.44714533521530325,0.0,1.0,0.0,-0.44714533521530325,0.0,0.8944613178864663,0.3745539214311773,0.0,1.011906671568844,0
0.8883948262649236,0.0,0.45908020286842716,0.0,1.0,0.0,-0.45908020286842716,0.0,0.8883948262649236,0.3852417591775902,0.0,1.009665468793168,0
0.8821113739366299,0.0,0.47104089416061445,0.0,1.0,0.0,-0.47104089416061445,0.0,0.8821113739366299,0.39599603718995,0.0,1.0072588969842264,0
0.8756102129022078,0.0,0.4830183796309933,0.0,1.0,0.0,-0.4830183796309933,0.0,0.8756102129022078,0.4068098037176881,0.0,1.0046844483320747,0
0.8688909344205172,0.0,0.49500357986770194,0.0,1.0,0.0,-0.49500357986770194,0.0,0.8688909344205172,0.4176759955814554,0.0,1.0019398715780439,0
0.8619534758713767,0.0,0.5069873819270575,0.0,1.0,0.0,-0.5069873819270575,0.0,0.8619534758713767,0.4285874496448902,0.0,0.9990231809082089,0
0.854798126717633,0.0,0.5189606560810033,0.0,1.0,0.0,-0.5189606560810033,0.0,0.854798126717633,0.439536914736293,0.0,0.9959326642073492,0
0.8474255335366943,0.0,0.5309142728445423,0.0,1.0,0.0,-0.5309142728445423,0.0,0.8474255335366943,0.45051706398852953,0.0,0.9926668906396119,0
0.8398367040951299,0.0,0.5428391202323477,0.0,1.0,0.0,-0.5428391202323477,0.0,0.8398367040951299,0.46152050756275875,0.0,0.9892247175242886,0
0.8320330104436177,0.0,0.5547261211914676,0.0,1.0,0.0,-0.5547261211914676,0.0,0.8320330104436177,0.472539805719012,0.0,0.9856052964775357,0
0.8240161910133341,0.0,0.5665662511550404,0.0,1.0,0.0,-0.5665662511550404,0.0,0.8240161910133341,0.4835674821942609,0.0,0.9818080787934467,0
0.8157883516988632,0.0,0.5783505556601911,0.0,1.0,0.0,-0.5783505556601911,0.0,0.8157883516988632,0.4945960378463921,0.0,0.9778328200406453,0
0.8073519659167759,0.0,0.5900701679718413,0.0,1.0,0.0,-0.5900701679718413,0.0,0.8073519659167759,0.5056179645205101,0.0,0.9736795838534773,0
0.7987098736332244,0.0,0.6017163266530157,0.0,1.0,0.0,-0.6017163266530157,0.0,0.7987098736332244,0.5166257590921897,0.0,0.9693487448999301,0
0.7898652793581468,0.0,0.613280393021395,0.0,1.0,0.0,-0.613280393021395,0.0,0.7898652793581468,0.5276119376407423,0.0,0.9648409910115869,0
0.78082174910798,0.0,0.6247538684313645,0.0,1.0,0.0,-0.6247538684313645,0.0,0.78082174910798,0.5385690497042538,0.0,0.9601573244641991,0
0.7715832063431192,0.0,0.6361284113206009,0.0,1.0,0.0,-0.6361284113206009,0.0,0.7715832063431192,0.5494896925670605,0.0,0.955299062400834,0
0.7621539268906676,0.0,0.6473958539604149,0.0,1.0,0.0,-0.6473958539604149,0.0,0.7621539268906676,0.5603665255295598,0.0,0.9502678363929888,0
0.7525385328673398,0.0,0.6585482188495173,0.0,1.0,0.0,-0.6585482188495173,0.0,0.7525385328673398,0.5711922841096851,0.0,0.9450655911385525,0
0.7427419856216066,0.0,0.6695777346917033,0.0,1.0,0.0,-0.6695777346917033,0.0,0.7427419856216066,0.5819597941251249,0.0,0.9396945822990022,0
0.7327695777183417,0.0,0.6804768518990805,0.0,1.0,0.0,-0.6804768518990805,0.0,0.7327695777183417,0.5926619856053783,0.0,0.9341573734817487,0
0.7226269239932783,0.0,0.6912382575639262,0.0,1.0,0.0,-0.6912382575639262,0.0,0.7226269239932783,0.6032919064830202,0.0,0.9284568323770409,0
0.7123199517085108,0.0,0.7018548898440367,0.0,1.0,0.0,-0.7018548898440367,0.0,0.7123199517085108,0.6138427360141203,0.0,0.92259612606231,0
0.7018548898440367,0.0,0.7123199517085108,0.0,1.0,0.0,-0.7123199517085108,0.0,0.7018548898440367,0.6243077978785946,0.0,0.9165787154902374,0
0.6912382575639261,0.0,0.7226269239932784,0.0,1.0,0.0,-0.7226269239932784,0.0,0.6912382575639261,0.6346805729123725,0.0,0.9104083491801633,0
0.6804768518990807,0.0,0.7327695777183416,0.0,1.0,0.0,-0.7327695777183416,0.0,0.6804768518990807,0.6449547114246393,0.0,0.9040890561356736,0
0.6695777346917035,0.0,0.7427419856216065,0.0,1.0,0.0,-0.7427419856216065,0.0,0.6695777346917035,0.6551240450550283,0.0,0.8976251380143078,0
0.6585482188495172,0.0,0.7525385328673398,0.0,1.0,0.0,-0.7525385328673398,0.0,0.6585482188495172,0.6651825981275077,0.0,0.8910211605783045,0
0.6473958539604149,0.0,0.7621539268906676,0.0,1.0,0.0,-0.7621539268906676,0.0,0.6473958539604149,0.6751245984598128,0.0,0.8842819444580935,0
0.6361284113206005,0.0,0.7715832063431195,0.0,1.0,0.0,-0.7715832063431195,0.0,0.6361284113206005,0.684944487589579,0.0,0.8774125552628858,0
0.6247538684313646,0.0,0.78082174910798,0.0,1.0,0.0,-0.78082174910798,0.0,0.6247538684313646,0.6946369303808693,0.0,0.8704182930751453,0
0.6132803930213951,0.0,0.7898652793581467,0.0,1.0,0.0,-0.7898652793581467,0.0,0.6132803930213951,0.7041968239774941,0.0,0.8633046813679548,0
0.6017163266530157,0.0,0.7987098736332244,0.0,1.0,0.0,-0.7987098736332244,0.0,0.6017163266530157,0.7136193060723984,0.0,0.85607745538631,0
0.590070167971841,0.0,0.8073519659167763,0.0,1.0,0.0,-0.8073519659167763,0.0,0.590070167971841,0.7228997624654451,0.0,0.8487425500351397,0
0.5783505556601911,0.0,0.8157883516988632,0.0,1.0,0.0,-0.8157883516988632,0.0,0.5783505556601911,0.7320338338850643,0.0,0.8413060873184088,0
0.5665662511550402,0.0,0.8240161910133343,0.0,1.0,0.0,-0.8240161910133343,0.0,0.5665662511550402,0.7410174220525547,0.0,0.8337743633749277,0
0.5547261211914681,0.0,0.8320330104436173,0.0,1.0,0.0,-0.8320330104436173,0.0,0.5547261211914681,0.7498466949711617,0.0,0.8261538351575497,0
0.5428391202323475,0.0,0.83983670409513,0.0,1.0,0.0,-0.83983670409513,0.0,0.5428391202323475,0.7585180914255409,0.0,0.8184511068031888,0
0.5309142728445421,0.0,0.8474255335366944,0.0,1.0,0.0,-0.8474255335366944,0.0,0.5309142728445421,0.7670283246806816,0.0,0.8106729157416244,0
0.5189606560810034,0.0,0.854798126717633,0.0,1.0,0.0,-0.854798126717633,0.0,0.5189606560810034,0.7753743853729228,0.0,0.802826118591287,0
0.5069873819270575,0.0,0.8619534758713767,0.0,1.0,0.0,-0.8619534758713767,0.0,0.5069873819270575,0.7835535435892094,0.0,0.7949176768902253,0
0.4950035798677025,0.0,0.8688909344205169,0.0,1.0,0.0,-0.8688909344205169,0.0,0.4950035798677025,0.7915633501342704,0.0,0.7869546427101755,0
0.48301837963099303,0.0,0.875610212902208,0.0,1.0,0.0,-0.875610212902208,0.0,0.48301837963099303,0.7994016369889029,0.0,0.778944144201126,0
0.4710408941606138,0.0,0.8821113739366302,0.0,1.0,0.0,-0.8821113739366302,0.0,0.4710408941606138,0.8070665169659658,0.0,0.7708933711130173,0
0.45908020286842677,0.0,0.8883948262649238,0.0,1.0,0.0,-0.8883948262649238,0.0,0.45908020286842677,0.8145563825740869,0.0,0.7628095603401823,0
0.44714533521530364,0.0,0.8944613178864661,0.0,1.0,0.0,-0.8944613178864661,0.0,0.44714533521530364,0.82186990410234,0.0,0.7546999815329256,0
0.4352452546658041,0.0,0.9003119283286762,0.0,1.0,0.0,-0.9003119283286762,0.0,0.4352452546658041,0.8290060269423492,0.0,0.7465719228191643,0
0.4233888430593322,0.0,0.90594806008561,0.0,1.0,0.0,-0.90594806008561,0.0,0.4233888430593322,0.8359639681673099,0.0,0.7384326766774162,0
0.4115848854372711,0.0,0.911371429264484,0.0,1.0,0.0,-0.911371429264484,0.0,0.4115848854372711,0.8427432123903611,0.0,0.7302895260005537,0
0.39984205536234185,0.0,0.9165840554818843,0.0,1.0,0.0,-0.9165840554818843,0.0,0.39984205536234185,0.8493435069274863,0.0,0.7221497303877445,0
0.38816890076302535,0.0,0.9215882510538124,0.0,1.0,0.0,-0.9215882510538124,0.0,0.38816890076302535,0.8557648562927346,0.0,0.7140205126998175,0
0.37657383033231784,0.0,0.9263866095258754,0.0,1.0,0.0,-0.9263866095258754,0.0,0.37657383033231784,0.8620075160560092,0.0,0.7059090459109487,0
0.36506510050657115,0.0,0.930981993591781,0.0,1.0,0.0,-0.930981993591781,0.0,0.36506510050657115,0.8680719860958812,0.0,0.6978224402871782,0
0.3536508030463805,0.0,0.9353775224499732,0.0,1.0,0.0,-0.9353775224499732,0.0,0.3536508030463805,0.8739590032819979,0.0,0.6897677309196438,0
0.3423388532378877,0.0,0.9395765586495696,0.0,1.0,0.0,-0.9395765586495696,0.0,0.3423388532378877,0.8796695336234848,0.0,0.68175186563787,0
0.33113697872904013,0.0,0.9435826944779155,0.0,1.0,0.0,-0.9435826944779155,0.0,0.33113697872904013,0.8852047639214375,0.0,0.6737816933256762,0
0.32005270901170224,0.0,0.9473997379428973,0.0,1.0,0.0,-0.9473997379428973,0.0,0.32005270901170224,0.8905660929650449,0.0,0.6658639526595811,0
0.30909336555675815,0.0,0.9510316984037894,0.0,1.0,0.0,-0.9510316984037894,0.0,0.30909336555675815,0.895755122312173,0.0,0.6580052612867522,0
0.29826605260576977,0.0,0.9544827719047485,0.0,1.0,0.0,-0.9544827719047485,0.0,0.29826605260576977,0.9007736466962633,0.0,0.6502121054568026,0
0.2875776486191475,0.0,0.957757326265209,0.0,1.0,0.0,-0.957757326265209,0.0,0.2875776486191475,0.9056236441022832,0.0,0.6424908301189354,0
0.277034798377334,0.0,0.9608598859813172,0.0,1.0,0.0,-0.9608598859813172,0.0,0.277034798377334,0.9103072655551039,0.0,0.6348476294931804,0
0.266643905728165,0.0,0.9637951169922109,0.0,1.0,0.0,-0.9637951169922109,0.0,0.266643905728165,0.9148268246641311,0.0,0.6272885381217745,0
0.25641112697030555,0.0,0.9665678113644266,0.0,1.0,0.0,-0.9665678113644266,0.0,0.25641112697030555,0.9191847869682961,0.0,0.6198194224040563,0
0.24634236485965455,0.0,0.9691828719469576,0.0,1.0,0.0,-0.9691828719469576,0.0,0.24634236485965455,0.9233837591255527,0.0,0.6124459726157063,0
0.23644326322260745,0.0,0.971645297048591,0.0,1.0,0.0,-0.971645297048591,0.0,0.23644326322260745,0.9274264779909615,0.0,0.6051736954106288,0
0.22671920215744934,0.0,0.9739601651880274,0.0,1.0,0.0,-0.9739601651880274,0.0,0.22671920215744934,0.9313157996271135,0.0,0.598007906801447,0
0.2171752938025041,0.0,0.9761326199660556,0.0,1.0,0.0,-0.9761326199660556,0.0,0.2171752938025041,0.9350546882902366,0.0,0.5909537256122588,0
0.2078163786474021,0.0,0.9781678551076393,0.0,1.0,0.0,-0.9781678551076393,0.0,0.2078163786474021,0.9386462054346929,0.0,0.5840160673952024,0
0.19864702236167886,0.0,0.980071099720239,0.0,1.0,0.0,-0.980071099720239,0.0,0.19864702236167886,0.9420934987778316,0.0,0.5771996388003727,0
0.189671513113006,0.0,0.9818476038130474,0.0,1.0,0.0,-0.9818476038130474,0.0,0.189671513113006,0.945399791466261,0.0,0.5705089323867647,0
0.18089385934568702,0.0,0.9835026241200492,0.0,1.0,0.0,-0.9835026241200492,0.0,0.18089385934568702,0.9485683713835801,0.0,0.563948221860239,0
0.1723177879886163,0.0,0.9850414102679695,0.0,1.0,0.0,-0.9850414102679695,0.0,0.1723177879886163,0.9516025806384449,0.0,0.5575215577229788,0
0.16394674306064272,0.0,0.9864691913282481,0.0,1.0,0.0,-0.9864691913282481,0.0,0.16394674306064272,0.9545058052706089,0.0,0.5512327633175087,0
0.15578388464038218,0.0,0.987791162790168,0.0,1.0,0.0,-0.987791162790168,0.0,0.15578388464038218,0.9572814652111761,0.0,0.5450854312472115,0
0.14783208816669002,0.0,0.9890124739902303,0.0,1.0,0.0,-0.9890124739902303,0.0,0.14783208816669002,0.9599330045318846,0.0,0.5390829201541922,0
0.14009394403556596,0.0,0.9901382160307518,0.0,1.0,0.0,-0.9901382160307518,0.0,0.14009394403556596,0.9624638820166592,0.0,0.533228351834543,0
0.1325717574590053,0.0,0.9911734102185301,0.0,1.0,0.0,-0.9911734102185301,0.0,0.1325717574590053,0.964877562087054,0.0,0.5275246086704042,0
0.12526754855118594,0.0,0.9921229970522688,0.0,1.0,0.0,-0.9921229970522688,0.0,0.12526754855118594,0.9671775061115347,0.0,0.5219743313576659,0
0.11818305260765816,0.0,0.9929918257852557,0.0,1.0,0.0,-0.9929918257852557,0.0,0.11818305260765816,0.9693671641267614,0.0,0.5165799169078975,0
0.11131972054354355,0.0,0.9937846445876025,0.0,1.0,0.0,-0.9937846445876025,0.0,0.11131972054354355,0.9714499669972341,0.0,0.5113435169029059,0
0.10467871945738616,0.0,0.9945060913301446,0.0,1.0,0.0,-0.9945060913301446,0.0,0.10467871945738616,0.9734293190377943,0.0,0.5062670359803472,0
0.09826093328808216,0.0,0.9951606850098907,0.0,1.0,0.0,-0.9951606850098907,0.0,0.09826093328808216,0.9753085911215715,0.0,0.5013521305289663,0
0.09206696353334742,0.0,0.995752817834702,0.0,1.0,0.0,-0.995752817834702,0.0,0.09206696353334742,0.9770911142939915,0.0,0.4966002075723851,0
0.08609712999932184,0.0,0.9962867479826678,0.0,1.0,0.0,-0.9962867479826678,0.0,0.08609712999932184,0.9787801739114951,0.0,0.4920124238207827,0
0.08035147155231659,0.0,0.9967665930494346,0.0,1.0,0.0,-0.9967665930494346,0.0,0.08035147155231659,0.9803790043215624,0.0,0.48758968487045407,0
0.07482974684509858,0.0,0.9971963241945382,0.0,1.0,0.0,-0.9971963241945382,0.0,0.07482974684509858,0.9818907840986154,0.0,0.4833326445318543,0
0.06953143499189407,0.0,0.9975797609955647,0.0,1.0,0.0,-0.9975797609955647,0.0,0.06953143499189407,0.9833186318482298,0.0,0.479241704267674,0
0.0644557361679381,0.0,0.9979205670167587,0.0,1.0,0.0,-0.9979205670167587,0.0,0.0644557361679381,0.9846656025900107,0.0,0.4753170127233123,0
0.05960157211134176,0.0,0.9982222460964575,0.0,1.0,0.0,-0.9982222460964575,0.0,0.05960157211134176,0.9859346847273002,0.0,0.4715584653331786,0
0.054967586506988186,0.0,0.9984881393554942,0.0,1.0,0.0,-0.9984881393554942,0.0,0.054967586506988186,0.9871287976097168,0.0,0.46796570398729553,0
0.05055214523424134,0.0,0.9987214229264416,0.0,1.0,0.0,-0.9987214229264416,0.0,0.05055214523424134,0.9882507896922965,0.0,0.4645381167438337,0
0.04635333646235906,0.0,0.9989251064012794,0.0,1.0,0.0,-0.9989251064012794,0.0,0.04635333646235906,0.9893034372927563,0.0,0.4612748375743795,0
0.04236897057967104,0.0,0.9991020319927385,0.0,1.0,0.0,-0.9991020319927385,0.0,0.04236897057967104,0.9902894439461013,0.0,0.4581747461299478,0
0.038596579944712106,0.0,0.9992548744022075,0.0,1.0,0.0,-0.9992548744022075,0.0,0.038596579944712106,0.991211440353487,0.0,0.4552364675169297,0
0.03503341844981267,0.0,0.9993861413846603,0.0,1.0,0.0,-0.9993861413846603,0.0,0.03503341844981267,0.9920719849198348,0.0,0.4524583720734676,0
0.031676460889669245,0.0,0.9994981749985866,0.0,1.0,0.0,-0.9994981749985866,0.0,0.031676460889669245,0.9928735648723322,0.0,0.449838575137814,0
0.028522402129764313,0.0,0.9995931535263475,0.0,1.0,0.0,-0.9995931535263475,0.0,0.028522402129764313,0.9936185979494236,0.0,0.44737493680153806,0
0.025567656071426748,0.0,0.9996730940477558,0.0,1.0,0.0,-0.9996730940477558,0.0,0.025567656071426748,0.9943094346474295,0.0,0.4450650616413966,0
0.02280835441255258,0.0,0.9997398556469534,0.0,1.0,0.0,-0.9997398556469534,0.0,0.02280835441255258,0.9949483610093084,0.0,0.4429062984248626,0
0.020240345204788346,0.0,0.9997951432298474,0.0,1.0,0.0,-0.9997951432298474,0.0,0.020240345204788346,0.9955376019374873,0.0,0.4408957397851132,0
0.017859191210063408,0.0,0.9998405119264384,0.0,1.0,0.0,-0.9998405119264384,0.0,0.017859191210063408,0.9960793250099318,0.0,0.4390302218622929,0
0.015660168060893653,0.0,0.9998773720493451,0.0,1.0,0.0,-0.9998773720493451,0.0,0.015660168060893653,0.9965756447759194,0.0,0.4373063239084394,0
0.013638262230643128,0.0,0.9999069945766598,0.0,1.0,0.0,-0.9999069945766598,0.0,0.013638262230643128,0.997028627505108,0.0,0.43572036785417145,0
0.011788168821406653,0.0,0.999930517123984,0.0,1.0,0.0,-0.999930517123984,0.0,0.011788168821406653,0.9974402963605884,0.0,0.43426841783570425,0
0.010104289178335613,0.0,0.9999489503670678,0.0,1.0,0.0,-0.9999489503670678,0.0,0.010104289178335613,0.9978126369636696,0.0,0.4329462796809409,0
0.008580728340643717,0.0,0.9999631848728953,0.0,1.0,0.0,-0.9999631848728953,0.0,0.008580728340643717,0.9981476033150183,0.0,0.43174950035374693,0
0.007211292340163711,0.0,0.999973998293348,0.0,1.0,0.0,-0.999973998293348,0.0,0.007211292340163711,0.9984471240337267,0.0,0.43067336735521533,0
0.005989485359382596,0.0,0.9999820628716946,0.0,1.0,0.0,-0.9999820628716946,0.0,0.005989485359382596,0.9987131088725907,0.0,0.4297129080807487,0
0.004908506761221676,0.0,0.999987953208125,0.0,1.0,0.0,-0.999987953208125,0.0,0.004908506761221676,0.9989474554646388,0.0,0.4288628891311884,0
0.003961248003304885,0.0,0.9999921542263501,0.0,1.0,0.0,-0.9999921542263501,0.0,0.003961248003304885,0.9991520562525483,0.0,0.42811781557570183,0
0.003140289449537481,0.0,0.9999950692789306,0.0,1.0,0.0,-0.9999950692789306,0.0,0.003140289449537481,0.999328805549131,0.0,0.42747193016328333,0
0.002437897091827068,0.0,0.9999970283244694,0.0,1.0,0.0,-0.9999970283244694,0.0,0.002437897091827068,0.9994796066735065,0.0,0.4269192124787633,0
0.0018460191943443505,0.0,0.9999982961051155,0.0,1.0,0.0,-0.9999982961051155,0.0,0.0018460191943443505,0.9996063791039802,0.0,0.4264533780378831,0
0.0013562828724527076,0.0,0.999999080247962,0.0,1.0,0.0,-0.999999080247962,0.0,0.0013562828724527076,0.999711065584874,0.0,0.42606787731474827,0
0.000959990617581119,0.0,0.999999539208901,0.0,1.0,0.0,-0.999999539208901,0.0,0.000959990617581119,0.9997956391207735,0.0,0.4257558946932364,0
0.0006481167786396291,0.0,0.9999997899722985,0.0,1.0,0.0,-0.9999997899722985,0.0,0.0006481167786396291,0.9998621097877242,0.0,0.425510347332292,0
0.00041130400940603273,0.0,0.9999999154145024,0.0,1.0,0.0,-0.9999999154145024,0.0,0.00041130400940603273,0.9999125312869219,0.0,0.4253238839329889,0
0.00023985969044160171,0.0,0.999999971233664,0.0,1.0,0.0,-0.999999971233664,0.0,0.00023985969044160171,0.9999490071622915,0.0,0.42518888339337624,0
0.00012375233256400886,0.0,0.9999999923426801,0.0,1.0,0.0,-0.9999999923426801,0.0,0.00012375233256400886,0.9999736965991908,0.0,0.4250974533347136,0
5.2607968005213834e-05,0.0,0.9999999986162008,0.0,1.0,0.0,-0.9999999986162008,0.0,5.2607968005213834e-05,0.999988819717057,0.0,0.42504142848074666,0
1.5706533754156204e-05,0.0,0.9999999998766524,0.0,1.0,0.0,-0.9999999998766524,0.0,1.5706533754156204e-05,0.9999966622644412,0.0,0.42501236886911986,0
1.97825057746126e-06,0.0,0.9999999999980432,0.0,1.0,0.0,-0.9999999999980432,0.0,1.97825057746126e-06,0.9999995796202115,0.0,0.42500155787191374,0
1.1102230246251565e-16,0.0,1.0,0.0,1.0,0.0,-1.0,0.0,1.1102230246251565e-16,1.0,0.0,0.42500000000000004,0
1.1102230246251565e-16,0.0,1.0,0.0,1.0,0.0,-1.0,0.0,1.1102230246251565e-16,1.0,0.0,0.42500000000000004,0
1.1102230246251565e-16,0.0,1.0,0.0,1.0,0.0,-1.0,0.0,1.1102230246251565e-16,1.0,0.0,0.42499949624262695,0
1.1102230246251565e-16,0.0,1.0,0.0,1.0,0.0,-1.0,0.0,1.1102230246251565e-16,1.0,0.0,0.4249960003640225,0
1.1102230246251565e-16,0.0,1.0,0.0,1.0,0.0,-1.0,0.0,1.1102230246251565e-16,1.0,0.0,0.4249866034909472,0
1.1102230246251565e-16,0.0,1.0,0.0,1.0,0.0,-1.0,0.0,1.1102230246251565e-16,1.0,0.0,0.42496848672720516,0
1.1102230246251565e-16,0.0,1.0,0.0,1.0,0.0,-1.0,0.0,1.1102230246251565e-16,1.0,0.0,0.4249389202308034,0
1.1102230246251565e-16,0.0,1.0,0.0,1.0,0.0,-1.0,0.0,1.1102230246251565e-16,1.0,0.0,0.42489526229110985,0
1.1102230246251565e-16,0.0,1.0,0.0,1.0,0.0,-1.0,0.0,1.1102230246251565e-16,1.0,0.0,0.4248349584060121,0
1.1102230246251565e-16,0.0,1.0,0.0,1.0,0.0,-1.0,0.0,1.1102230246251565e-16,1.0,0.0,0.4247555403590758,0
1.1102230246251565e-16,0.0,1.0,0.0,1.0,0.0,-1.0,0.0,1.1102230246251565e-16,1.0,0.0,0.4246546252967033,0
1.1102230246251565e-16,0.0,1.0,0.0,1.0,0.0,-1.0,0.0,1.1102230246251565e-16,1.0,0.0,0.42452991480529206,0
1.1102230246251565e-16,0.0,1.0,0.0,1.0,0.0,-1.0,0.0,1.1102230246251565e-16,1.0,0.0,0.42437919398839336,0
1.1102230246251565e-16,0.0,1.0,0.0,1.0,0.0,-1.0,0.0,1.1102230246251565e-16,1.0,0.0,0.42420033054387046,0
1.1102230246251565e-16,0.0,1.0,0.0,1.0,0.0,-1.0,0.0,1.1102230246251565e-16,1.0,0.0,0.4239912738410576,0
1.1102230246251565e-16,0.0,1.0,0.0,1.0,0.0,-1.0,0.0,1.1102230246251565e-16,1.0,0.0,0.4237500539979182,0
1.1102230246251565e-16,0.0,1.0,0.0,1.0,0.0,-1.0,0.0,1.1102230246251565e-16,1.0,0.0,0.4234747809582033,0
1.1102230246251565e-16,0.0,1.0,0.0,1.0,0.0,-1.0,0.0,1.1102230246251565e-16,1.0,0.0,0.42316364356861047,0
1.1102230246251565e-16,0.0,1.0,0.0,1.0,0.0,-1.0,0.0,1.1102230246251565e-16,1.0,0.0,0.422814908655942,0
1.1102230246251565e-16,0.0,1.0,0.0,1.0,0.0,-1.0,0.0,1.1102230246251565e-16,1.0,0.0,0.4224269201042635,0
1.1102230246251565e-16,0.0,1.0,0.0,1.0,0.0,-1.0,0.0,1.1102230246251565e-16,1.0,0.0,0.42199809793206255,0
1.1102230246251565e-16,0.0,1.0,0.0,1.0,0.0,-1.0,0.0,1.1102230246251565e-16,1.0,0.0,0.42152693736940705,0
1.1102230246251565e-16,0.0,1.0,0.0,1.0,0.0,-1.0,0.0,1.1102230246251565e-16,1.0,0.0,0.4210120079351038,0
1.1102230246251565e-16,0.0,1.0,0.0,1.0,0.0,-1.0,0.0,1.1102230246251565e-16,1.0,0.0,0.4204519525138571,0
1.1102230246251565e-16,0.0,1.0,0.0,1.0,0.0,-1.0,0.0,1.1102230246251565e-16,1.0,0.0,0.4198454864334272,0
1.1102230246251565e-16,0.0,1.0,0.0,1.0,0.0,-1.0,0.0,1.1102230246251565e-16,1.0,0.0,0.4191913965417887,0
1.1102230246251565e-16,0.0,1.0,0.0,1.0,0.0,-1.0,0.0,1.1102230246251565e-16,1.0,0.0,0.4184885402842895,0
1.1102230246251565e-16,0.0,1.0,0.0,1.0,0.0,-1.0,0.0,1.1102230246251565e-16,1.0,0.0,0.41773584478080883,0
1.1102230246251565e-16,0.0,1.0,0.0,1.0,0.0,-1.0,0.0,1.1102230246251565e-16,1.0,0.0,0.4169323059029159,0
1.1102230246251565e-16,0.0,1.0,0.0,1.0,0.0,-1.0,0.0,1.1102230246251565e-16,1.0,0.0,0.4160769873510287,0
1.1102230246251565e-16,0.0,1.0,0.0,1.0,0.0,-1.0,0.0,1.1102230246251565e-16,1.0,0.0,0.4151690197315722,0
1.1102230246251565e-16,0.0,1.0,0.0,1.0,0.0,-1.0,0.0,1.1102230246251565e-16,1.0,0.0,0.414207599634137,0
1.1102230246251565e-16,0.0,1.0,0.0,1.0,0.0,-1.0,0.0,1.1102230246251565e-16,1.0,0.0,0.4131919887086378,0
1.1102230246251565e-16,0.0,1.0,0.0,1.0,0.0,-1.0,0.0,1.1102230246251565e-16,1.0,0.0,0.41212151274247216,0
1.1102230246251565e-16,0.0,1.0,0.0,1.0,0.0,-1.0,0.0,1.1102230246251565e-16,1.0,0.0,0.4109955607376786,0
1.1102230246251565e-16,0.0,1.0,0.0,1.0,0.0,-1.0,0.0,1.1102230246251565e-16,1.0,0.0,0.4098135839880955,0
1.1102230246251565e-16,0.0,1.0,0.0,1.0,0.0,-1.0,0.0,1.1102230246251565e-16,1.0,0.0,0.40857509515651935,0
1.1102230246251565e-16,0.0,1.0,0.0,1.0,0.0,-1.0,0.0,1.1102230246251565e-16,1.0,0.0,0.4072796673518635,0
1.1102230246251565e-16,0.0,1.0,0.0,1.0,0.0,-1.0,0.0,1.1102230246251565e-16,1.0,0.0,0.4059269332063166,0
1.1102230246251565e-16,0.0,1.0,0.0,1.0,0.0,-1.0,0.0,1.1102230246251565e-16,1.0,0.0,0.40451658395250106,0
1.1102230246251565e-16,0.0,1.0,0.0,1.0,0.0,-1.0,0.0,1.1102230246251565e-16,1.0,0.0,0.4030483685006315,0
1.1102230246251565e-16,0.0,1.0,0.0,1.0,0.0,-1.0,0.0,1.1102230246251565e-16,1.0,0.0,0.4015220925156737,0
1.1102230246251565e-16,0.0,1.0,0.0,1.0,0.0,-1.0,0.0,1.1102230246251565e-16,1.0,0.0,0.39993761749450246,0
1.1102230246251565e-16,0.0,1.0,0.0,1.0,0.0,-1.0,0.0,1.1102230246251565e-16,1.0,0.0,0.3982948598430607,0
1.1102230246251565e-16,0.0,1.0,0.0,1.0,0.0,-1.0,0.0,1.1102230246251565e-16,1.0,0.0,0.3965937899535177,0
1.1102230246251565e-16,0.0,1.0,0.0,1.0,0.0,-1.0,0.0,1.1102230246251565e-16,1.0,0.0,0.3948344312814276,0
1.1102230246251565e-16,0.0,1.0,0.0,1.0,0.0,-1.0,0.0,1.1102230246251565e-16,1.0,0.0,0.39301685942288817,0
1.1102230246251565e-16,0.0,1.0,0.0,1.0,0.0,-1.0,0.0,1.1102230246251565e-16,1.0,0.0,0.39114120119169904,0
1.1102230246251565e-16,0.0,1.0,0.0,1.0,0.0,-1.0,0.0,1.1102230246251565e-16,1.0,0.0,0.38920763369652034,0
1.1102230246251565e-16,0.0,1.0,0.0,1.0,0.0,-1.0,0.0,1.1102230246251565e-16,1.0,0.0,0.38721638341803133,0
1.1102230246251565e-16,0.0,1.0,0.0,1.0,0.0,-1.0,0.0,1.1102230246251565e-16,1.0,0.0,0.3851677252860887,0
1.1102230246251565e-16,0.0,1.0,0.0,1.0,0.0,-1.0,0.0,1.1102230246251565e-16,1.0,0.0,0.38306198175688544,0
1.1102230246251565e-16,0.0,1.0,0.0,1.0,0.0,-1.0,0.0,1.1102230246251565e-16,1.0,0.0,0.3808995218901088,0
1.1102230246251565e-16,0.0,1.0,0.0,1.0,0.0,-1.0,0.0,1.1102230246251565e-16,1.0,0.0,0.3786807604260994,0
1.1102230246251565e-16,0.0,1.0,0.0,1.0,0.0,-1.0,0.0,1.1102230246251565e-16,1.0,0.0,0.3764061568630095,0
1.1102230246251565e-16,0.0,1.0,0.0,1.0,0.0,-1.0,0.0,1.1102230246251565e-16,1.0,0.0,0.37407621453396145,0
1.1102230246251565e-16,0.0,1.0,0.0,1.0,0.0,-1.0,0.0,1.1102230246251565e-16,1.0,0.0,0.37169147968420624,0
1.1102230246251565e-16,0.0,1.0,0.0,1.0,0.0,-1.0,0.0,1.1102230246251565e-16,1.0,0.0,0.3692525405482823,0
1.1102230246251565e-16,0.0,1.0,0.0,1.0,0.0,-1.0,0.0,1.1102230246251565e-16,1.0,0.0,0.36676002642717354,0
1.1102230246251565e-16,0.0,1.0,0.0,1.0,0.0,-1.0,0.0,1.1102230246251565e-16,1.0,0.0,0.36421460676546824,0
1.1102230246251565e-16,0.0,1.0,0.0,1.0,0.0,-1.0,0.0,1.1102230246251565e-16,1.0,0.0,0.36161699022851745,0
1.1102230246251565e-16,0.0,1.0,0.0,1.0,0.0,-1.0,0.0,1.1102230246251565e-16,1.0,0.0,0.3589679237795936,0
1.1102230246251565e-16,0.0,1.0,0.0,1.0,0.0,-1.0,0.0,1.1102230246251565e-16,1.0,0.0,0.3562681917570488,0
1.1102230246251565e-16,0.0,1.0,0.0,1.0,0.0,-1.0,0.0,1.1102230246251565e-16,1.0,0.0,0.35351861495147363,0
1.1102230246251565e-16,0.0,1.0,0.0,1.0,0.0,-1.0,0.0,1.1102230246251565e-16,1.0,0.0,0.35072004968285553,0
1.1102230246251565e-16,0.0,1.0,0.0,1.0,0.0,-1.0,0.0,1.1102230246251565e-16,1.0,0.0,0.3478733868777373,0
1.1102230246251565e-16,0.0,1.0,0.0,1.0,0.0,-1.0,0.0,1.1102230246251565e-16,1.0,0.0,0.3449795511463756,0
1.1102230246251565e-16,0.0,1.0,0.0,1.0,0.0,-1.0,0.0,1.1102230246251565e-16,1.0,0.0,0.3420394998598997,0
1.1102230246251565e-16,0.0,1.0,0.0,1.0,0.0,-1.0,0.0,1.1102230246251565e-16,1.0,0.0,0.33905422222746967,0
1.1102230246251565e-16,0.0,1.0,0.0,1.0,0.0,-1.0,0.0,1.1102230246251565e-16,1.0,0.0,0.33602473837343516,0
1.1102230246251565e-16,0.0,1.0,0.0,1.0,0.0,-1.0,0.0,1.1102230246251565e-16,1.0,0.0,0.33295209841449386,0
1.1102230246251565e-16,0.0,1.0,0.0,1.0,0.0,-1.0,0.0,1.1102230246251565e-16,1.0,0.0,0.32983738153684977,0
1.1102230246251565e-16,0.0,1.0,0.0,1.0,0.0,-1.0,0.0,1.1102230246251565e-16,1.0,0.0,0.3266816950733723,0
1.1102230246251565e-16,0.0,1.0,0.0,1.0,0.0,-1.0,0.0,1.1102230246251565e-16,1.0,0.0,0.32348617358075415,0
1.1102230246251565e-16,0.0,1.0,0.0,1.0,0.0,-1.0,0.0,1.1102230246251565e-16,1.0,0.0,0.32025197791667026,0
1.1102230246251565e-16,0.0,1.0,0.0,1.0,0.0,-1.0,0.0,1.1102230246251565e-16,1.0,0.0,0.31698029431693614,0
1.1102230246251565e-16,0.0,1.0,0.0,1.0,0.0,-1.0,0.0,1.1102230246251565e-16,1.0,0.0,0.3136723334726664,0
1.1102230246251565e-16,0.0,1.0,0.0,1.0,0.0,-1.0,0.0,1.1102230246251565e-16,1.0,0.0,0.31032932960743354,0
1.1102230246251565e-16,0.0,1.0,0.0,1.0,0.0,-1.0,0.0,1.1102230246251565e-16,1.0,0.0,0.3069525395544259,0
1.1102230246251565e-16,0.0,1.0,0.0,1.0,0.0,-1.0,0.0,1.1102230246251565e-16,1.0,0.0,0.3035432418336069,0
1.1102230246251565e-16,0.0,1.0,0.0,1.0,0.0,-1.0,0.0,1.1102230246251565e-16,1.0,0.0,0.3001027357288729,0
1.1102230246251565e-16,0.0,1.0,0.0,1.0,0.0,-1.0,0.0,1.1102230246251565e-16,1.0,0.0,0.29663234036521224,0
1.1102230246251565e-16,0.0,1.0,0.0,1.0,0.0,-1.0,0.0,1.1102230246251565e-16,1.0,0.0,0.29313339378586345,0
1.1102230246251565e-16,0.0,1.0,0.0,1.0,0.0,-1.0,0.0,1.1102230246251565e-16,1.0,0.0,0.2896072520294738,0
1.1102230246251565e-16,0.0,1.0,0.0,1.0,0.0,-1.0,0.0,1.1102230246251565e-16,1.0,0.0,0.2860552882072579,0
1.1102230246251565e-16,0.0,1.0,0.0,1.0,0.0,-1.0,0.0,1.1102230246251565e-16,1.0,0.0,0.2824788915801565,0
1.1102230246251565e-16,0.0,1.0,0.0,1.0,0.0,-1.0,0.0,1.1102230246251565e-16,1.0,0.0,0.27887946663599417,0
1.1102230246251565e-16,0.0,1.0,0.0,1.0,0.0,-1.0,0.0,1.1102230246251565e-16,1.0,0.0,0.27525843216663903,0
1.1102230246251565e-16,0.0,1.0,0.0,1.0,0.0,-1.0,0.0,1.1102230246251565e-16,1.0,0.0,0.27161722034516,0
1.1102230246251565e-16,0.0,1.0,0.0,1.0,0.0,-1.0,0.0,1.1102230246251565e-16,1.0,0.0,0.26795727580298645,0
1.1102230246251565e-16,0.0,1.0,0.0,1.0,0.0,-1.0,0.0,1.1102230246251565e-16,1.0,0.0,0.26428005470706595,0
1.1102230246251565e-16,0.0,1.0,0.0,1.0,0.0,-1.0,0.0,1.1102230246251565e-16,1.0,0.0,0.2605870238370229,0
1.1102230246251565e-16,0.0,1.0,0.0,1.0,0.0,-1.0,0.0,1.1102230246251565e-16,1.0,0.0,0.25687965966231774,0
1.1102230246251565e-16,0.0,1.0,0.0,1.0,0.0,-1.0,0.0,1.1102230246251565e-16,1.0,0.0,0.25315944741940427,0
1.1102230246251565e-16,0.0,1.0,0.0,1.0,0.0,-1.0,0.0,1.1102230246251565e-16,1.0,0.0,0.24942788018888948,0
1.1102230246251565e-16,0.0,1.0,0.0,1.0,0.0,-1.0,0.0,1.1102230246251565e-16,1.0,0.0,0.24568645797269106,0
1.1102230246251565e-16,0.0,1.0,0.0,1.0,0.0,-1.0,0.0,1.1102230246251565e-16,1.0,0.0,0.24193668677119642,0
1.1102230246251565e-16,0.0,1.0,0.0,1.0,0.0,-1.0,0.0,1.1102230246251565e-16,1.0,0.0,0.23818007766042104,0
1.1102230246251565e-16,0.0,1.0,0.0,1.0,0.0,-1.0,0.0,1.1102230246251565e-16,1.0,0.0,0.234418145869167,0
1.1102230246251565e-16,0.0,1.0,0.0,1.0,0.0,-1.0,0.0,1.1102230246251565e-16,1.0,0.0,0.23065240985618168,0
1.1102230246251565e-16,0.0,1.0,0.0,1.0,0.0,-1.0,0.0,1.1102230246251565e-16,1.0,0.0,0.22688439038731623,0
1.1102230246251565e-16,0.0,1.0,0.0,1.0,0.0,-1.0,0.0,1.1102230246251565e-16,1.0,0.0,0.22311560961268384,0
1.1102230246251565e-16,0.0,1.0,0.0,1.0,0.0,-1.0,0.0,1.1102230246251565e-16,1.0,0.0,0.21934759014381833,0
1.1102230246251565e-16,0.0,1.0,0.0,1.0,0.0,-1.0,0.0,1.1102230246251565e-16,1.0,0.0,0.21558185413083308,0
1.1102230246251565e-16,0.0,1.0,0.0,1.0,0.0,-1.0,0.0,1.1102230246251565e-16,1.0,0.0,0.21181992233957903,0
1.1102230246251565e-16,0.0,1.0,0.0,1.0,0.0,-1.0,0.0,1.1102230246251565e-16,1.0,0.0,0.20806331322880361,0
1.1102230246251565e-16,0.0,1.0,0.0,1.0,0.0,-1.0,0.0,1.1102230246251565e-16,1.0,0.0,0.204313542027309,0
1.1102230246251565e-16,0.0,1.0,0.0,1.0,0.0,-1.0,0.0,1.1102230246251565e-16,1.0,0.0,0.20057211981111045,0
