trajectory 1
First Actual Configuration T_se:  [[ 0.13474241 -0.45398818  0.88076059  0.12218   ]
 [ 0.07363252  0.8909964   0.44799962 -0.00910222]
 [-0.98814105  0.00448807  0.1534833   0.55990723]
 [ 0.          0.          0.          1.        ]]
Last Actual Configuration T_se:  [[-1.40360096e-03  4.39403540e-03  9.99989361e-01  4.98779585e-01]
 [-3.93684719e-04  9.99990266e-01 -4.39459196e-03  1.00045503e+00]
 [-9.99998937e-01 -3.99848784e-04 -1.40185743e-03  4.24585909e-01]
 [ 0.00000000e+00  0.00000000e+00  0.00000000e+00  1.00000000e+00]]
-----------
trajectory 2
First Actual Configuration T_se:  [[-1.40218362e-03  4.38958043e-03  9.99989383e-01  4.98780329e-01]
 [-3.93290560e-04  9.99990286e-01 -4.39013587e-03  1.00045483e+00]
 [-9.99998940e-01 -3.99442161e-04 -1.40044362e-03  4.24585855e-01]
 [ 0.00000000e+00  0.00000000e+00  0.00000000e+00  1.00000000e+00]]
Last Actual Configuration T_se:  [[-1.14797778e-03  3.59406309e-03  9.99992882e-01  4.98959806e-01]
 [-3.22482678e-04  9.99993488e-01 -3.59443547e-03  1.00040207e+00]
 [-9.99999289e-01 -3.26606715e-04 -1.14681128e-03  2.46630210e-02]
 [ 0.00000000e+00  0.00000000e+00  0.00000000e+00  1.00000000e+00]]
-----------
trajectory 3
First Actual Configuration T_se:  [[-1.14681869e-03  3.59043626e-03  9.99992897e-01  4.98967717e-01]
 [-3.22159317e-04  9.99993501e-01 -3.59080789e-03  1.00039849e+00]
 [-9.99999291e-01 -3.26275034e-04 -1.14565454e-03  2.46629770e-02]
 [ 0.00000000e+00  0.00000000e+00  0.00000000e+00  1.00000000e+00]]
trajectory 4
First Actual Configuration T_se:  [[-1.03767757e-03  3.24891236e-03  9.99994184e-01  4.99125421e-01]
 [-2.91691081e-04  9.99994679e-01 -3.24921665e-03  1.00033289e+00]
 [-9.99999419e-01 -2.95061024e-04 -1.03672437e-03  2.46923430e-02]
 [ 0.00000000e+00  0.00000000e+00  0.00000000e+00  1.00000000e+00]]
Last Actual Configuration T_se:  [[-8.49578398e-04  2.66022800e-03  9.99996101e-01  4.99245139e-01]
 [-2.39086298e-04  9.99996432e-01 -2.66043201e-03  1.00029912e+00]
 [-9.99999611e-01 -2.41345611e-04 -8.48939343e-04  4.24743368e-01]
 [ 0.00000000e+00  0.00000000e+00  0.00000000e+00  1.00000000e+00]]
-----------
trajectory 5
First Actual Configuration T_se:  [[-8.48720704e-04  2.65754348e-03  9.99996109e-01  4.99251353e-01]
 [-2.38846157e-04  9.99996440e-01 -2.65774707e-03  1.00029667e+00]
 [-9.99999611e-01 -2.41100913e-04 -8.48082938e-04  4.24743816e-01]
 [ 0.00000000e+00  0.00000000e+00  0.00000000e+00  1.00000000e+00]]
Last Actual Configuration T_se:  [[-6.94882604e-04  2.17598109e-03  9.99997391e-01  9.99490654e-01]
 [-5.68593744e-01  8.22615572e-01 -2.18510753e-03  9.00086414e-01]
 [-8.22618181e-01 -5.68593779e-01  6.65627983e-04  4.24711926e-01]
 [ 0.00000000e+00  0.00000000e+00  0.00000000e+00  1.00000000e+00]]
-----------
trajectory 6
First Actual Configuration T_se:  [[-6.94181694e-04  2.17378454e-03  9.99997396e-01  9.99495858e-01]
 [-5.68593582e-01  8.22615690e-01 -2.18290221e-03  9.00080028e-01]
 [-8.22618293e-01 -5.68593617e-01  6.64955187e-04  4.24711810e-01]
 [ 0.00000000e+00  0.00000000e+00  0.00000000e+00  1.00000000e+00]]
Last Actual Configuration T_se:  [[-5.68368379e-04  1.77989500e-03  9.99998254e-01  9.99673901e-01]
 [-6.79160736e-01  7.33987623e-01 -1.69243734e-03  4.99957388e-01]
 [-7.33989354e-01 -6.79160512e-01  7.91659439e-04  2.47932020e-02]
 [ 0.00000000e+00  0.00000000e+00  0.00000000e+00  1.00000000e+00]]
-----------
trajectory 7
First Actual Configuration T_se:  [[-5.67794781e-04  1.77809875e-03  9.99998258e-01  9.99677428e-01]
 [-6.79160617e-01  7.33987736e-01 -1.69072948e-03  4.99947982e-01]
 [-7.33989464e-01 -6.79160394e-01  7.90860242e-04  2.47931359e-02]
 [ 0.00000000e+00  0.00000000e+00  0.00000000e+00  1.00000000e+00]]
trajectory 8
First Actual Configuration T_se:  [[-5.10003635e-04  1.60488818e-03  9.99998582e-01  9.99735406e-01]
 [-6.79149495e-01  7.33998392e-01 -1.52435621e-03  4.99875577e-01]
 [-7.33999798e-01 -6.79149309e-01  7.15617146e-04  2.48115980e-02]
 [ 0.00000000e+00  0.00000000e+00  0.00000000e+00  1.00000000e+00]]
Last Actual Configuration T_se:  [[-4.20921666e-04  1.31770377e-03  9.99999043e-01  9.99773039e-01]
 [-7.01256772e-01  7.12907719e-01 -1.23457654e-03  8.99963346e-01]
 [-7.12908664e-01 -7.01256621e-01  6.23970389e-04  4.24836732e-01]
 [ 0.00000000e+00  0.00000000e+00  0.00000000e+00  1.00000000e+00]]
-----------