trajectory 1
First Actual Configuration T_se:  [[ 0.13474241 -0.45398818  0.88076059  0.12218063]
 [ 0.07363252  0.8909964   0.44799962 -0.00910343]
 [-0.98814105  0.00448807  0.1534833   0.55990723]
 [ 0.          0.          0.          1.        ]]
Last Actual Configuration T_se:  [[-1.40360085e-03  4.39382511e-03  9.99989362e-01  9.98895103e-01]
 [-3.93685096e-04  9.99990267e-01 -4.39438167e-03  3.54572816e-04]
 [-9.99998937e-01 -3.99848866e-04 -1.40185741e-03  4.24603607e-01]
 [ 0.00000000e+00  0.00000000e+00  0.00000000e+00  1.00000000e+00]]
-----------
trajectory 2
First Actual Configuration T_se:  [[-1.40218352e-03  4.38939133e-03  9.99989384e-01  9.98898426e-01]
 [-3.93290914e-04  9.99990287e-01 -4.38994677e-03  3.48555237e-04]
 [-9.99998940e-01 -3.99442249e-04 -1.40044359e-03  4.24603517e-01]
 [ 0.00000000e+00  0.00000000e+00  0.00000000e+00  1.00000000e+00]]
Last Actual Configuration T_se:  [[-1.14797778e-03  3.59405848e-03  9.99992882e-01  9.99127047e-01]
 [-3.22482687e-04  9.99993488e-01 -3.59443087e-03  2.62085123e-04]
 [-9.99999289e-01 -3.26606718e-04 -1.14681128e-03  2.46774775e-02]
 [ 0.00000000e+00  0.00000000e+00  0.00000000e+00  1.00000000e+00]]
-----------
trajectory 3
First Actual Configuration T_se:  [[-1.14681868e-03  3.59043165e-03  9.99992897e-01  9.99129213e-01]
 [-3.22159326e-04  9.99993501e-01 -3.59080328e-03  2.59345595e-04]
 [-9.99999291e-01 -3.26275038e-04 -1.14565454e-03  2.46774139e-02]
 [ 0.00000000e+00  0.00000000e+00  0.00000000e+00  1.00000000e+00]]
trajectory 4
First Actual Configuration T_se:  [[-1.03767757e-03  3.24890819e-03  9.99994184e-01  9.99223097e-01]
 [-2.91691089e-04  9.99994679e-01 -3.24921248e-03  2.13014429e-04]
 [-9.99999419e-01 -2.95061027e-04 -1.03672437e-03  2.47053380e-02]
 [ 0.00000000e+00  0.00000000e+00  0.00000000e+00  1.00000000e+00]]
Last Actual Configuration T_se:  [[-8.49578395e-04  2.66022286e-03  9.99996101e-01  9.99373563e-01]
 [-2.39086306e-04  9.99996432e-01 -2.66042686e-03  1.96134976e-04]
 [-9.99999611e-01 -2.41345615e-04 -8.48939342e-04  4.24754088e-01]
 [ 0.00000000e+00  0.00000000e+00  0.00000000e+00  1.00000000e+00]]
-----------
trajectory 5
First Actual Configuration T_se:  [[-8.48721175e-04  2.65951658e-03  9.99996103e-01  9.99375169e-01]
 [-2.38844486e-04  9.99996434e-01 -2.65972017e-03  1.92271452e-04]
 [-9.99999611e-01 -2.41100916e-04 -8.48082938e-04  4.24754561e-01]
 [ 0.00000000e+00  0.00000000e+00  0.00000000e+00  1.00000000e+00]]
Last Actual Configuration T_se:  [[-1.95734174e-04  9.99997613e-01 -2.17614021e-03  2.10839244e-05]
 [ 6.94884001e-04 -2.17600372e-03 -9.99997391e-01 -9.99542282e-01]
 [-9.99999739e-01 -1.97245828e-04 -6.94456424e-04  4.24801182e-01]
 [ 0.00000000e+00  0.00000000e+00  0.00000000e+00  1.00000000e+00]]
-----------
trajectory 6
First Actual Configuration T_se:  [[-1.95537406e-04  9.99997618e-01 -2.17394404e-03  1.89458216e-05]
 [ 6.94182527e-04 -2.17380782e-03 -9.99997396e-01 -9.99547891e-01]
 [-9.99999740e-01 -1.97046011e-04 -6.93755813e-04  4.24800899e-01]
 [ 0.00000000e+00  0.00000000e+00  0.00000000e+00  1.00000000e+00]]
Last Actual Configuration T_se:  [[-1.60217646e-04  9.99998403e-01 -1.78001244e-03  1.91397205e-05]
 [ 5.68363938e-04 -1.77992112e-03 -9.99998254e-01 -9.99633089e-01]
 [-9.99999826e-01 -1.61229062e-04 -5.68077855e-04  2.48402102e-02]
 [ 0.00000000e+00  0.00000000e+00  0.00000000e+00  1.00000000e+00]]
-----------
trajectory 7
First Actual Configuration T_se:  [[-1.60056469e-04  9.99998406e-01 -1.77821605e-03  1.69736317e-05]
 [ 5.67790215e-04 -1.77812491e-03 -9.99998258e-01 -9.99640845e-01]
 [-9.99999826e-01 -1.61065844e-04 -5.67504710e-04  2.48397110e-02]
 [ 0.00000000e+00  0.00000000e+00  0.00000000e+00  1.00000000e+00]]
trajectory 8
First Actual Configuration T_se:  [[-1.44878572e-04  9.99998703e-01 -1.60406832e-03 -9.14907377e-07]
 [ 5.13765624e-04 -1.60399369e-03 -9.99998582e-01 -9.99738330e-01]
 [-9.99999858e-01 -1.45702482e-04 -5.13532573e-04  2.48499849e-02]
 [ 0.00000000e+00  0.00000000e+00  0.00000000e+00  1.00000000e+00]]
Last Actual Configuration T_se:  [[-1.18684045e-04  9.99999125e-01 -1.31786266e-03  4.94521903e-06]
 [ 4.20654130e-04 -1.31781262e-03 -9.99999043e-01 -9.99785169e-01]
 [-9.99999904e-01 -1.19238296e-04 -4.20497359e-04  4.24870528e-01]
 [ 0.00000000e+00  0.00000000e+00  0.00000000e+00  1.00000000e+00]]
-----------